0,6
1,23
2,45
3,54
4,90
5,111
6,157
7,177
8,192
9,204
10,213
11,230
12,256
13,263
14,285
15,310
16,322
17,344
18,352
19,362
20,365
21,372
22,379
23,383
24,393
25,404
26,414
27,421
28,439
29,452
30,458
31,465
32,469
33,477
34,488
35,498
36,503
37,506
38,513
39,519
40,532
41,534
42,538
43,553
44,562
45,572
46,579
47,585
48,589
49,593
50,598
51,599
52,605
53,607
54,611
55,621
56,629
57,634
58,638
59,641
60,643
61,652
62,656
63,660
64,661
65,666
66,666
67,669
68,674
69,686
70,688
71,688
72,696
73,698
74,705
75,710
76,721
77,724
78,730
79,733
80,734
81,745
82,745
83,750
84,755
85,755
86,757
87,758
88,760
89,772
90,775
91,778
92,790
93,795
94,797
95,799
96,800
97,804
98,805
99,807
100,816
101,822
102,826
103,827
104,832
105,839
106,842
107,849
108,850
109,852
110,852
111,853
112,863
113,871
114,871
115,873
116,877
117,880
118,882
119,885
120,887
121,891
122,892
123,893
124,895
125,903
126,907
127,908
128,908
129,910
130,913
131,915
132,917
133,925
134,930
135,933
136,936
137,939
138,941
139,941
140,941
141,943
142,944
143,948
144,952
145,952
146,953
147,955
148,955
149,956
150,957
151,960
152,965
153,966
154,968
155,969
156,975
157,978
158,980
159,982
160,983
161,984
162,990
163,990
164,993
165,995
166,996
167,996
168,997
169,998
170,1004
171,1004
172,1008
173,1012
174,1012
175,1012
176,1014
177,1017
178,1017
179,1020
180,1020
181,1030
182,1032
183,1033
184,1035
185,1037
186,1040
187,1041
188,1041
189,1043
190,1045
191,1045
192,1047
193,1048
194,1048
195,1049
196,1050
197,1052
198,1053
199,1054
200,1055
201,1060
202,1060
203,1062
204,1062
205,1064
206,1067
207,1070
208,1070
209,1078
210,1079
211,1081
212,1081
213,1081
214,1084
215,1085
216,1087
217,1089
218,1090
219,1091
220,1094
221,1094
222,1096
223,1098
224,1098
225,1101
226,1101
227,1101
228,1103
229,1104
230,1108
231,1110
232,1115
233,1116
234,1116
235,1117
236,1118
237,1120
238,1122
239,1123
240,1124
241,1127
242,1128
243,1128
244,1129
245,1132
246,1132
247,1133
248,1133
249,1135
250,1136
251,1136
252,1136
253,1136
254,1137
255,1138
256,1139
257,1143
258,1144
259,1144
260,1145
261,1145
262,1146
263,1146
264,1150
265,1150
266,1150
267,1152
268,1152
269,1153
270,1153
271,1153
272,1153
273,1153
274,1153
275,1153
276,1154
277,1158
278,1158
279,1160
280,1160
281,1160
282,1160
283,1163
284,1166
285,1168
286,1169
287,1169
288,1169
289,1169
290,1171
291,1176
292,1177
293,1179
294,1182
295,1183
296,1183
297,1183
298,1183
299,1186
300,1189
301,1190
302,1191
303,1192
304,1195
305,1196
306,1196
307,1197
308,1197
309,1197
310,1199
311,1199
312,1199
313,1199
314,1203
315,1203
316,1203
317,1204
318,1207
319,1207
320,1207
321,1208
322,1208
323,1208
324,1209
325,1209
326,1210
327,1210
328,1210
329,1211
330,1211
331,1211
332,1211
333,1211
334,1212
335,1212
336,1212
337,1212
338,1212
339,1212
340,1212
341,1212
342,1213
343,1215
344,1216
345,1219
346,1219
347,1219
348,1221
349,1222
350,1222
351,1222
352,1222
353,1223
354,1223
355,1223
356,1224
357,1224
358,1224
359,1226
360,1226
361,1228
362,1230
363,1231
364,1231
365,1232
366,1232
367,1232
368,1234
369,1234
370,1234
371,1235
372,1235
373,1236
374,1236
375,1236
376,1236
377,1237
378,1238
379,1240
380,1240
381,1240
382,1240
383,1244
384,1244
385,1245
386,1245
387,1249
388,1249
389,1249
390,1249
391,1249
392,1250
393,1254
394,1254
395,1256
396,1256
397,1257
398,1257
399,1257
400,1258
401,1258
402,1258
403,1258
404,1258
405,1258
406,1258
407,1258
408,1258
409,1259
410,1259
411,1260
412,1261
413,1261
414,1261
415,1263
416,1263
417,1263
418,1263
419,1264
420,1264
421,1264
422,1265
423,1265
424,1267
425,1267
426,1267
427,1269
428,1269
429,1271
430,1271
431,1271
432,1272
433,1272
434,1272
435,1273
436,1274
437,1276
438,1276
439,1277
440,1277
441,1278
442,1278
443,1280
444,1281
445,1281
446,1281
447,1281
448,1282
449,1283
450,1283
451,1283
452,1283
453,1284
454,1284
455,1284
456,1284
457,1284
458,1284
459,1284
460,1286
461,1287
462,1288
463,1289
464,1289
465,1289
466,1289
467,1289
468,1289
469,1289
470,1289
471,1289
472,1289
473,1290
474,1292
475,1292
476,1292
477,1293
478,1293
479,1293
480,1293
481,1294
482,1294
483,1295
484,1296
485,1296
486,1297
487,1297
488,1298
489,1298
490,1298
491,1299
492,1302
493,1302
494,1302
495,1303
496,1303
497,1303
498,1303
499,1303
