0,400
1,175
2,275
3,250
4,450
5,425
6,1450
7,450
8,900
9,475
10,250
11,825
12,575
13,825
14,475
15,525
16,800
17,1500
18,550
19,775
20,275
21,1050
22,800
23,500
24,475
25,4575
26,700
27,350
28,550
29,625
30,475
31,450
32,750
33,825
34,500
35,500
36,775
37,500
38,1125
39,725
40,825
41,850
42,800
43,4475
44,475
45,3775
46,1350
47,450
48,775
49,1350
50,600
51,325
52,525
53,800
54,750
55,850
56,4375
57,400
58,575
59,775
60,1050
61,4025
62,875
63,1125
64,325
65,850
66,525
67,750
68,800
69,3975
70,750
71,850
72,825
73,900
74,3900
75,1200
76,850
77,375
78,1350
79,500
80,375
81,4000
82,825
83,550
84,875
85,850
86,800
87,625
88,825
89,4500
90,825
91,500
92,4650
93,575
94,525
95,350
96,775
97,450
98,825
99,4400
100,4425
101,525
102,700
103,475
104,4675
105,650
106,350
107,4300
108,500
109,825
110,800
111,850
112,4100
113,850
114,700
115,700
116,825
117,550
118,850
119,675
120,775
121,525
122,625
123,875
124,3925
125,850
126,550
127,775
128,525
129,4375
130,875
131,4225
132,600
133,4000
134,525
135,825
136,825
137,775
138,475
139,550
140,550
141,4150
142,825
143,4425
144,800
145,675
146,675
147,475
148,750
149,550
150,350
151,350
152,4325
153,850
154,750
155,825
156,875
157,3850
158,500
159,850
160,525
161,4225
162,4175
163,800
164,500
165,875
166,425
167,875
168,475
169,4075
170,850
171,425
172,850
173,825
174,275
175,850
176,550
177,500
178,500
179,4225
180,475
181,4350
182,4800
183,525
184,425
185,4125
186,825
187,700
188,550
189,500
190,800
191,625
192,775
193,475
194,4475
195,4325
196,525
197,4375
198,950
199,425
200,4025
201,825
202,800
203,600
204,725
205,850
206,825
207,450
208,750
209,4375
210,900
211,3725
212,750
213,950
214,625
215,800
216,750
217,1375
218,4425
219,750
220,425
221,825
222,4550
223,4400
224,325
225,775
226,375
227,500
228,400
229,800
230,4000
231,575
232,500
233,450
234,500
235,475
236,550
237,7800
238,625
239,550
240,500
241,1100
242,4275
243,500
244,550
245,475
246,725
247,4250
248,675
249,600
250,825
251,400
252,800
253,825
254,500
255,950
256,875
257,4300
258,4400
259,750
260,500
261,4475
262,875
263,500
264,4250
265,725
266,875
267,800
268,350
269,425
270,700
271,850
272,1025
273,3925
274,4150
275,4150
276,500
277,775
278,850
279,550
280,1125
281,4275
282,3950
283,4925
284,325
285,4425
286,4350
287,4525
288,475
289,650
290,4025
291,625
292,775
293,525
294,600
295,3775
296,4000
297,525
298,475
299,1025
300,500
301,3950
302,975
303,700
304,500
305,550
306,825
307,4025
308,925
309,550
310,500
311,700
312,4150
313,550
314,8700
315,500
316,550
317,525
318,525
319,450
320,500
321,4125
322,725
323,750
324,550
325,550
326,850
327,825
328,875
329,525
330,850
331,400
332,900
333,825
334,275
335,3975
336,575
337,525
338,4225
339,4450
340,775
341,825
342,4200
343,850
344,5000
345,5125
346,750
347,675
348,3925
349,950
350,500
351,4475
352,425
353,4525
354,300
355,525
356,4200
357,875
358,325
359,4325
360,800
361,4500
362,4175
363,4475
364,4225
365,4425
366,500
367,550
368,1350
369,4450
370,500
371,3675
372,1400
373,450
374,500
375,750
376,1300
377,4375
378,825
379,525
380,3875
381,625
382,500
383,4550
384,525
385,875
386,850
387,725
388,525
389,875
390,450
391,875
392,500
393,850
394,4350
395,500
396,4600
397,575
398,4250
399,4350
400,525
401,4400
402,800
403,800
404,850
405,7600
406,550
407,225
408,4150
409,800
410,525
411,4650
412,4775
413,800
414,4225
415,3975
416,500
417,825
418,400
419,975
420,500
421,225
422,525
423,4425
424,525
425,525
426,500
427,525
428,775
429,500
430,375
431,525
432,3675
433,375
434,50
435,550
436,975
437,3950
438,825
439,525
440,800
441,775
442,375
443,825
444,400
445,500
446,550
447,525
448,500
449,4400
450,850
451,525
452,4350
453,4000
454,425
455,4200
456,4375
457,5100
458,800
459,550
460,8125
461,250
462,775
463,4500
464,300
465,400
466,325
467,525
468,3975
469,4250
470,525
471,125
472,775
473,250
474,500
475,4025
476,625
477,450
478,525
479,4225
480,4000
481,450
482,4150
483,3900
484,4250
485,750
486,4300
487,800
488,800
489,3850
490,800
491,525
492,800
493,825
494,875
495,450
496,800
497,875
498,500
499,750
